4222.0 2964.0
117.0 109.0
81.0 62.0
151.0 120.0
69.0 54.0
153.0 126.0
68.0 48.0
162.0 111.0
154.0 107.0
145.0 114.0
145.0 117.0
149.0 131.0
147.0 88.0
218.0 137.0
134.0 94.0
77.0 47.0
212.0 147.0
235.0 189.0
151.0 144.0
260.0 231.0
70.0 42.0
65.0 48.0
76.0 46.0
79.0 68.0
66.0 44.0
355.0 291.0
370.0 295.0
79.0 70.0
62.0 54.0
77.0 69.0
65.0 45.0
60.0 45.0
73.0 52.0
88.0 85.0
80.0 63.0
64.0 57.0
66.0 57.0
361.0 266.0
66.0 52.0
80.0 59.0
80.0 64.0
64.0 43.0
84.0 74.0
66.0 45.0
71.0 56.0
58.0 28.0
75.0 54.0
83.0 70.0
75.0 59.0
66.0 57.0
74.0 60.0
66.0 57.0
65.0 48.0
77.0 54.0
81.0 53.0
98.0 79.0
58.0 35.0
0.0 0.0
267.0 183.0
328.0 295.0
320.0 267.0
281.0 252.0
205.0 159.0
200.0 146.0
317.0 249.0
142.0 104.0
136.0 118.0
77.0 64.0
74.0 47.0
74.0 69.0
61.0 45.0
66.0 48.0
75.0 51.0
70.0 59.0
74.0 61.0
75.0 74.0
77.0 55.0
69.0 51.0
68.0 50.0
78.0 59.0
72.0 46.0
176.0 165.0
50.0 29.0
67.0 47.0
128.0 82.0
406.0 393.0
68.0 40.0
176.0 153.0
211.0 179.0
226.0 188.0
198.0 173.0
177.0 152.0
222.0 166.0
235.0 204.0
217.0 181.0
151.0 107.0
94.0 82.0
81.0 71.0
62.0 55.0
42.0 34.0
65.0 60.0
0.0 0.0
146.0 138.0
79.0 65.0
78.0 52.0
84.0 77.0
67.0 50.0
271.0 185.0
291.0 283.0
274.0 254.0
279.0 252.0
289.0 239.0
298.0 226.0
266.0 218.0
228.0 197.0
65.0 58.0
98.0 81.0
299.0 211.0
486.0 470.0
187.0 155.0
65.0 40.0
144.0 105.0
77.0 62.0
358.0 303.0
293.0 209.0
370.0 274.0
368.0 332.0
206.0 125.0
375.0 274.0
258.0 167.0
351.0 291.0
283.0 205.0
295.0 241.0
353.0 233.0
131.0 111.0
179.0 123.0
70.0 51.0
79.0 59.0
71.0 61.0
152.0 126.0
153.0 119.0
73.0 65.0
77.0 59.0
65.0 61.0
82.0 53.0
86.0 75.0
89.0 76.0
100.0 84.0
71.0 47.0
43.0 28.0
740.0 597.0
740.0 584.0
746.0 581.0
745.0 560.0
749.0 506.0
646.0 443.0
69.0 53.0
128.0 116.0
222.0 199.0
149.0 134.0
129.0 111.0
145.0 111.0
159.0 129.0
153.0 139.0
191.0 183.0
145.0 123.0
184.0 177.0
63.0 49.0
147.0 145.0
154.0 142.0
159.0 126.0
136.0 113.0
120.0 91.0
409.0 328.0
351.0 317.0
143.0 136.0
65.0 50.0
137.0 110.0
152.0 119.0
149.0 131.0
169.0 156.0
226.0 187.0
70.0 57.0
75.0 59.0
131.0 116.0
157.0 137.0
160.0 152.0
168.0 152.0
169.0 147.0
64.0 60.0
142.0 138.0
99.0 89.0
160.0 136.0
292.0 218.0
167.0 147.0
167.0 156.0
102.0 75.0
155.0 141.0
157.0 151.0
306.0 243.0
87.0 82.0
63.0 60.0
404.0 318.0
394.0 388.0
375.0 232.0
341.0 230.0
368.0 276.0
410.0 292.0
356.0 244.0
537.0 406.0
146.0 137.0
129.0 98.0
221.0 170.0
190.0 165.0
140.0 140.0
150.0 120.0
148.0 126.0
234.0 221.0
64.0 50.0
60.0 54.0
57.0 46.0
80.0 61.0
72.0 47.0
90.0 68.0
70.0 58.0
103.0 101.0
61.0 40.0
76.0 62.0
70.0 65.0
74.0 61.0
137.0 131.0
141.0 125.0
128.0 116.0
142.0 135.0
146.0 123.0
156.0 135.0
70.0 68.0
165.0 137.0
61.0 51.0
280.0 224.0
147.0 130.0
226.0 212.0
221.0 199.0
205.0 193.0
78.0 52.0
70.0 60.0
331.0 257.0
387.0 293.0
399.0 349.0
45.0 33.0
145.0 127.0
118.0 108.0
85.0 67.0
89.0 69.0
137.0 124.0
57.0 24.0
150.0 130.0
71.0 51.0
55.0 45.0
166.0 125.0
82.0 74.0
67.0 56.0
80.0 62.0
75.0 49.0
81.0 54.0
115.0 102.0
72.0 48.0
69.0 63.0
69.0 65.0
84.0 81.0
69.0 61.0
0.0 0.0
241.0 211.0
326.0 279.0
424.0 412.0
176.0 149.0
149.0 126.0
142.0 121.0
153.0 144.0
149.0 136.0
143.0 115.0
159.0 134.0
211.0 175.0
176.0 161.0
0.0 0.0
339.0 237.0
279.0 222.0
399.0 277.0
407.0 341.0
366.0 248.0
82.0 72.0
346.0 289.0
352.0 214.0
352.0 337.0
301.0 204.0
143.0 129.0
203.0 151.0
193.0 136.0
237.0 197.0
248.0 175.0
235.0 181.0
177.0 147.0
79.0 59.0
85.0 80.0
93.0 76.0
75.0 48.0
0.0 0.0
46.0 33.0
81.0 66.0
70.0 67.0
75.0 61.0
0.0 0.0
72.0 63.0
71.0 61.0
78.0 41.0
505.0 397.0
90.0 75.0
63.0 56.0
63.0 59.0
70.0 63.0
163.0 151.0
162.0 148.0
64.0 51.0
81.0 67.0
189.0 178.0
194.0 167.0
74.0 70.0
65.0 65.0
178.0 159.0
118.0 105.0
286.0 271.0
60.0 52.0
610.0 523.0
674.0 544.0
701.0 665.0
594.0 550.0
701.0 635.0
699.0 690.0
699.0 652.0
700.0 619.0
699.0 651.0
696.0 571.0
700.0 640.0
699.0 654.0
699.0 574.0
657.0 447.0
700.0 525.0
700.0 634.0
699.0 618.0
655.0 607.0
337.0 292.0
363.0 262.0
345.0 283.0
444.0 357.0
371.0 291.0
406.0 325.0
156.0 105.0
221.0 184.0
0.0 0.0
83.0 70.0
84.0 61.0
57.0 38.0
81.0 63.0
68.0 52.0
142.0 113.0
66.0 54.0
84.0 66.0
81.0 70.0
65.0 54.0
79.0 63.0
91.0 69.0
62.0 42.0
75.0 47.0
68.0 46.0
0.0 0.0
79.0 70.0
81.0 68.0
79.0 63.0
84.0 72.0
169.0 144.0
163.0 116.0
0.0 0.0
146.0 126.0
199.0 157.0
758.0 524.0
376.0 281.0
290.0 170.0
374.0 294.0
208.0 144.0
375.0 307.0
366.0 298.0
355.0 283.0
336.0 260.0
291.0 227.0
161.0 144.0
49.0 32.0
84.0 66.0
59.0 40.0
108.0 90.0
53.0 38.0
78.0 59.0
68.0 42.0
69.0 51.0
154.0 110.0
76.0 57.0
142.0 92.0
89.0 84.0
65.0 62.0
154.0 142.0
135.0 107.0
61.0 47.0
68.0 58.0
71.0 43.0
65.0 58.0
126.0 85.0
427.0 238.0
81.0 63.0
86.0 72.0
62.0 48.0
78.0 75.0
138.0 125.0
76.0 65.0
70.0 62.0
84.0 73.0
83.0 75.0
70.0 52.0
59.0 52.0
79.0 66.0
83.0 77.0
64.0 55.0
89.0 71.0
68.0 49.0
73.0 69.0
86.0 67.0
85.0 79.0
68.0 61.0
76.0 59.0
0.0 0.0
0.0 0.0
161.0 148.0
79.0 59.0
70.0 58.0
155.0 136.0
149.0 123.0
157.0 128.0
149.0 127.0
153.0 111.0
175.0 156.0
133.0 118.0
139.0 114.0
141.0 112.0
180.0 165.0
158.0 139.0
181.0 163.0
387.0 369.0
340.0 294.0
366.0 301.0
78.0 43.0
194.0 166.0
69.0 51.0
78.0 73.0
71.0 45.0
77.0 74.0
86.0 77.0
75.0 57.0
81.0 69.0
93.0 93.0
63.0 52.0
80.0 66.0
60.0 52.0
86.0 85.0
85.0 74.0
75.0 56.0
90.0 71.0
74.0 65.0
95.0 60.0
50.0 34.0
80.0 64.0
75.0 50.0
50.0 49.0
159.0 137.0
194.0 192.0
168.0 146.0
160.0 119.0
184.0 176.0
72.0 57.0
144.0 135.0
128.0 99.0
152.0 147.0
159.0 135.0
173.0 153.0
147.0 139.0
159.0 143.0
144.0 127.0
138.0 133.0
213.0 209.0
302.0 243.0
252.0 194.0
384.0 314.0
62.0 47.0
76.0 48.0
61.0 46.0
61.0 58.0
83.0 77.0
90.0 82.0
71.0 53.0
80.0 55.0
0.0 0.0
68.0 51.0
66.0 54.0
60.0 46.0
81.0 73.0
61.0 48.0
156.0 134.0
151.0 123.0
74.0 62.0
81.0 67.0
71.0 42.0
91.0 81.0
52.0 37.0
102.0 88.0
65.0 53.0
83.0 68.0
70.0 65.0
65.0 56.0
96.0 86.0
80.0 71.0
155.0 129.0
80.0 68.0
116.0 88.0
70.0 60.0
117.0 109.0
75.0 49.0
74.0 58.0
77.0 60.0
54.0 44.0
88.0 65.0
67.0 59.0
68.0 64.0
71.0 54.0
66.0 46.0
59.0 37.0
164.0 129.0
65.0 58.0
367.0 309.0
324.0 311.0
408.0 316.0
389.0 253.0
360.0 321.0
382.0 333.0
365.0 340.0
840.0 784.0
793.0 755.0
155.0 129.0
56.0 40.0
232.0 189.0
60.0 59.0
116.0 86.0
68.0 45.0
159.0 143.0
175.0 164.0
159.0 149.0
132.0 107.0
163.0 147.0
88.0 70.0
70.0 57.0
71.0 62.0
522.0 430.0
79.0 55.0
69.0 65.0
87.0 77.0
58.0 47.0
59.0 56.0
82.0 81.0
59.0 52.0
76.0 74.0
89.0 84.0
147.0 113.0
95.0 69.0
74.0 57.0
79.0 69.0
49.0 39.0
388.0 335.0
400.0 325.0
408.0 367.0
406.0 357.0
299.0 274.0
330.0 295.0
835.0 787.0
99.0 84.0
90.0 70.0
77.0 70.0
71.0 45.0
73.0 69.0
70.0 43.0
69.0 63.0
82.0 69.0
78.0 78.0
152.0 115.0
165.0 118.0
69.0 64.0
78.0 68.0
90.0 85.0
78.0 66.0
63.0 62.0
88.0 84.0
75.0 66.0
69.0 60.0
71.0 70.0
92.0 80.0
103.0 97.0
13.0 12.0
69.0 39.0
71.0 63.0
75.0 57.0
75.0 73.0
81.0 74.0
73.0 59.0
74.0 71.0
86.0 81.0
97.0 76.0
81.0 79.0
86.0 78.0
69.0 56.0
82.0 78.0
80.0 78.0
81.0 76.0
71.0 56.0
83.0 78.0
79.0 63.0
105.0 90.0
89.0 67.0
87.0 81.0
30.0 20.0
647.0 372.0
723.0 691.0
62.0 44.0
61.0 57.0
62.0 44.0
63.0 38.0
83.0 50.0
66.0 59.0
75.0 67.0
63.0 38.0
81.0 74.0
72.0 63.0
0.0 0.0
58.0 45.0
76.0 59.0
108.0 93.0
90.0 77.0
81.0 77.0
58.0 54.0
69.0 69.0
80.0 60.0
51.0 43.0
0.0 0.0